replayTaskStats nor3 configure {0.13 0.01 0.0 0.0 1 0.17266201973 engnx05a.utdallas.edu 1698434050.44 1698434050.62 1}
replayTaskStats nor3 delay__B__lh__OUT__hl__ACQ_1 {0.12 0.01 6.11 0.71 1 7.00269508362 engnx05a.utdallas.edu 1698434056.14 1698434063.14 1 0.0946190357208 6.90499401093 0.00190591812134 0.00763988494873 0.000657081604004 6.87537002563 0.0 0.0 0.0 0.0 0.0 0.0 0.0 0.0}
replayTaskStats nor3 delay__B__hl__OUT__lh__ACQ_1 {0.06 0.01 6.35 0.71 1 7.07380485535 engnx05a.utdallas.edu 1698434063.14 1698434070.22 1 0.0382962226868 7.03235793114 0.00252103805542 0.00756788253784 0.000867128372192 7.00146389008 0.0 0.0 0.0 0.0 0.0 0.0 0.0 0.0}
replayTaskStats nor3 delay__C__lh__OUT__hl__ACQ_1 {0.06 0.01 6.08 0.7 1 6.80874490738 engnx05a.utdallas.edu 1698434070.22 1698434077.03 1 0.0412979125977 6.76456403732 0.00188112258911 0.00723791122437 0.00064492225647 6.73861598969 0.0 0.0 0.0 0.0 0.0 0.0 0.0 0.0}
replayTaskStats nor3 delay__C__hl__OUT__lh__ACQ_1 {0.06 0.0 6.01 0.73 1 6.74630284309 engnx05a.utdallas.edu 1698434077.03 1698434083.77 1 0.0395970344543 6.70404100418 0.00205397605896 0.00707912445068 0.000815868377686 6.67781805992 0.0 0.0 0.0 0.0 0.0 0.0 0.0 0.0}
replayTaskStats nor3 delay__A__lh__OUT__hl__ACQ_1 {0.06 0.01 6.34 0.75 1 7.10430598259 engnx05a.utdallas.edu 1698434083.77 1698434090.88 1 0.0391139984131 7.06272101402 0.00241804122925 0.00830411911011 0.000652074813843 7.03347086906 0.0 0.0 0.0 0.0 0.0 0.0 0.0 0.0}
replayTaskStats nor3 leakage_power__ACQ_1 {0.04 0.0 6.06 0.75 1 6.82497596741 engnx05a.utdallas.edu 1698434097.86 1698434104.69 1 0.0293579101562 6.79300689697 0.00206995010376 0.00570392608643 0.00172996520996 6.77222394943 0.0 0.0 0.0 0.0 0.0 0.0 0.0 0.0}
replayTaskStats nor3 delay__A__hl__OUT__lh__ACQ_1 {0.07 0.01 6.24 0.72 1 6.98122692108 engnx05a.utdallas.edu 1698434090.88 1698434097.86 1 0.0407791137695 6.93777513504 0.00241494178772 0.00842308998108 0.000882863998413 6.90661215782 0.0 0.0 0.0 0.0 0.0 0.0 0.0 0.0}
replayTaskStats nor3 Cin__VSS__lh__ACQ_1 {0.05 0.01 6.21 0.71 1 6.93467593193 engnx05a.utdallas.edu 1698434104.69 1698434111.62 1 0.0365810394287 6.89495015144 0.00217199325562 0.00788688659668 0.000629901885986 6.87203097343 0.0 0.0 0.0 0.0 0.0 0.0 0.0 0.0}
replayTaskStats nor3 Cin__VSS__hl__ACQ_1 {0.05 0.01 6.16 0.75 1 6.92292881012 engnx05a.utdallas.edu 1698434111.62 1698434118.55 1 0.0356187820435 6.88384604454 0.0018470287323 0.0083589553833 0.000654935836792 6.8605389595 0.0 0.0 0.0 0.0 0.0 0.0 0.0 0.0}
replayTaskStats nor3 Cin__VDD__lh__ACQ_1 {0.04 0.01 6.18 0.79 1 6.97702813148 engnx05a.utdallas.edu 1698434118.55 1698434125.52 1 0.0315539836884 6.94297194481 0.00191283226013 0.00509595870972 0.000623941421509 6.92410206795 0.0 0.0 0.0 0.0 0.0 0.0 0.0 0.0}
replayTaskStats nor3 Cin__VDD__hl__ACQ_1 {0.05 0.0 6.21 0.75 1 6.96978902817 engnx05a.utdallas.edu 1698434125.52 1698434132.49 1 0.0311870574951 6.93611288071 0.0020740032196 0.00525403022766 0.000653982162476 6.91649699211 0.0 0.0 0.0 0.0 0.0 0.0 0.0 0.0}
replayTaskStats nor3 modeling {0.16 0.0 0.0 0.0 1 0.182885169983 engnx05a.utdallas.edu 1698434149.19 1698434149.37 1}
