replayTaskStats nand2 configure {0.1 0.02 0.0 0.0 1 0.151678085327 engnx05a.utdallas.edu 1698429286.51 1698429286.66 1}
replayTaskStats nand2 delay__B__lh__OUT__hl__ACQ_1 {0.11 0.01 6.15 0.81 1 7.1534280777 engnx05a.utdallas.edu 1698429300.72 1698429307.88 1 0.094920873642 7.05519104004 0.00230002403259 0.00813508033752 0.000919103622437 6.92316102982 0.0 0.0 0.0 0.0 0.0 0.0 0.0 0.0}
replayTaskStats nand2 delay__B__hl__OUT__lh__ACQ_1 {0.05 0.01 6.25 0.77 1 7.01520299911 engnx05a.utdallas.edu 1698429307.88 1698429314.89 1 0.0349271297455 6.97781205177 0.00196194648743 0.00682878494263 0.00065803527832 6.95259809494 0.0 0.0 0.0 0.0 0.0 0.0 0.0 0.0}
replayTaskStats nand2 delay__A__lh__OUT__hl__ACQ_1 {0.06 0.0 6.06 0.76 1 6.82786417007 engnx05a.utdallas.edu 1698429314.89 1698429321.72 1 0.0336570739746 6.79171395302 0.0019588470459 0.00689482688904 0.000655174255371 6.76604509354 0.0 0.0 0.0 0.0 0.0 0.0 0.0 0.0}
replayTaskStats nand2 delay__A__hl__OUT__lh__ACQ_1 {0.05 0.02 5.94 0.66 1 6.60827803612 engnx05a.utdallas.edu 1698429321.72 1698429328.33 1 0.0344021320343 6.57123208046 0.00207209587097 0.0090229511261 0.000922918319702 6.54154801369 0.0 0.0 0.0 0.0 0.0 0.0 0.0 0.0}
replayTaskStats nand2 leakage_power__ACQ_1 {0.06 0.01 6.0 0.72 1 6.74639582634 engnx05a.utdallas.edu 1698429328.33 1698429335.08 1 0.0457849502563 6.69777584076 0.00252890586853 0.00611114501953 0.00211215019226 6.67493891716 0.0 0.0 0.0 0.0 0.0 0.0 0.0 0.0}
replayTaskStats nand2 Cin__VSS__lh__ACQ_1 {0.05 0.0 5.89 0.72 1 6.60392713547 engnx05a.utdallas.edu 1698429335.08 1698429341.68 1 0.0303580760956 6.57078814507 0.00227403640747 0.00669598579407 0.000727891921997 6.54961800575 0.0 0.0 0.0 0.0 0.0 0.0 0.0 0.0}
replayTaskStats nand2 Cin__VSS__hl__ACQ_1 {0.04 0.01 5.91 0.73 1 6.65052509308 engnx05a.utdallas.edu 1698429341.68 1698429348.34 1 0.0308599472046 6.61717414856 0.00193786621094 0.00526404380798 0.000651836395264 6.59653687477 0.0 0.0 0.0 0.0 0.0 0.0 0.0 0.0}
replayTaskStats nand2 Cin__VDD__lh__ACQ_1 {0.05 0.01 6.11 0.7 1 6.8164229393 engnx05a.utdallas.edu 1698429348.34 1698429355.15 1 0.0311739444733 6.78150200844 0.00202608108521 0.00485396385193 0.000633955001831 6.7601351738 0.0 0.0 0.0 0.0 0.0 0.0 0.0 0.0}
replayTaskStats nand2 Cin__VDD__hl__ACQ_1 {0.04 0.0 6.14 0.73 1 6.92387795448 engnx05a.utdallas.edu 1698429355.15 1698429362.08 1 0.0283019542694 6.89308190346 0.00205707550049 0.00756001472473 0.000672817230225 6.87180995941 0.0 0.0 0.0 0.0 0.0 0.0 0.0 0.0}
replayTaskStats nand2 modeling {0.16 0.01 0.0 0.0 1 0.183087110519 engnx05a.utdallas.edu 1698429748.28 1698429748.46 1}
