replayTaskStats AOI22 configure {0.2 0.01 0.0 0.0 1 0.26651597023 engnx05a.utdallas.edu 1698432508.66 1698432508.93 1}
replayTaskStats AOI22 delay__A__hl__OUT__lh__ACQ_1 {0.13 0.02 6.52 0.77 1 7.61067605019 engnx05a.utdallas.edu 1698432516.81 1698432524.42 1 0.105273962021 7.50180196762 0.00215005874634 0.00802397727966 0.000882148742676 7.36628603935 0.0 0.0 0.0 0.0 0.0 0.0 0.0 0.0}
replayTaskStats AOI22 delay__A__lh__OUT__hl__ACQ_1 {0.06 0.0 6.43 0.73 1 7.18243694305 engnx05a.utdallas.edu 1698432524.42 1698432531.6 1 0.0420532226562 7.13776993752 0.00192284584045 0.0101912021637 0.000663042068481 7.1081237793 0.0 0.0 0.0 0.0 0.0 0.0 0.0 0.0}
replayTaskStats AOI22 delay__B__hl__OUT__lh__ACQ_1 {0.08 0.02 6.29 0.69 1 7.02717399597 engnx05a.utdallas.edu 1698432531.6 1698432538.63 1 0.0679950714111 6.95662021637 0.00197386741638 0.00760197639465 0.000687837600708 6.92811799049 0.0 0.0 0.0 0.0 0.0 0.0 0.0 0.0}
replayTaskStats AOI22 delay__B__lh__OUT__hl__ACQ_1 {0.06 0.01 6.24 0.73 1 7.02483391762 engnx05a.utdallas.edu 1698432538.63 1698432545.65 1 0.0441122055054 6.97807812691 0.00189995765686 0.0082528591156 0.000664949417114 6.94832992554 0.0 0.0 0.0 0.0 0.0 0.0 0.0 0.0}
replayTaskStats AOI22 delay__C__hl__OUT__lh__ACQ_1 {0.07 0.0 6.27 0.72 1 7.01522397995 engnx05a.utdallas.edu 1698432545.65 1698432552.67 1 0.0425651073456 6.97008109093 0.00236701965332 0.0076048374176 0.000686168670654 6.94272613525 0.0 0.0 0.0 0.0 0.0 0.0 0.0 0.0}
replayTaskStats AOI22 delay__C__lh__OUT__hl__ACQ_1 {0.07 0.01 6.32 0.76 1 7.11461687088 engnx05a.utdallas.edu 1698432552.67 1698432559.79 1 0.0488600730896 7.06317591667 0.0019679069519 0.0132031440735 0.000722885131836 7.02772808075 0.0 0.0 0.0 0.0 0.0 0.0 0.0 0.0}
replayTaskStats AOI22 delay__D__hl__OUT__lh__ACQ_1 {0.07 0.0 6.34 0.74 1 7.12386488914 engnx05a.utdallas.edu 1698432559.79 1698432566.91 1 0.0481100082397 7.07283806801 0.0021858215332 0.00735402107239 0.000691175460815 7.04387903214 0.0 0.0 0.0 0.0 0.0 0.0 0.0 0.0}
replayTaskStats AOI22 delay__D__lh__OUT__hl__ACQ_1 {0.07 0.01 6.33 0.77 1 7.13920092583 engnx05a.utdallas.edu 1698432566.91 1698432574.05 1 0.051787853241 7.08430981636 0.0021059513092 0.00729584693909 0.0010449886322 7.05430388451 0.0 0.0 0.0 0.0 0.0 0.0 0.0 0.0}
replayTaskStats AOI22 leakage_power__ACQ_1 {0.05 0.01 6.12 0.75 1 6.93435907364 engnx05a.utdallas.edu 1698432574.05 1698432580.99 1 0.0341341495514 6.89754509926 0.00196409225464 0.00731205940247 0.00232481956482 6.87400913239 0.0 0.0 0.0 0.0 0.0 0.0 0.0 0.0}
replayTaskStats AOI22 Cin__VSS__hl__ACQ_1 {0.05 0.01 6.11 0.75 1 6.87018203735 engnx05a.utdallas.edu 1698432580.99 1698432587.86 1 0.0380439758301 6.82952594757 0.00267791748047 0.00622487068176 0.000690221786499 6.80782699585 0.0 0.0 0.0 0.0 0.0 0.0 0.0 0.0}
replayTaskStats AOI22 Cin__VSS__lh__ACQ_1 {0.06 0.0 6.06 0.75 1 6.8276591301 engnx05a.utdallas.edu 1698432587.86 1698432594.69 1 0.0373890399933 6.78753900528 0.00204086303711 0.00659394264221 0.000715970993042 6.76389718056 0.0 0.0 0.0 0.0 0.0 0.0 0.0 0.0}
replayTaskStats AOI22 Cin__VDD__hl__ACQ_1 {0.05 0.01 6.22 0.73 1 6.99269890785 engnx05a.utdallas.edu 1698432594.69 1698432601.68 1 0.0371489524841 6.95275092125 0.00224900245667 0.00653982162476 0.000731229782104 6.93040585518 0.0 0.0 0.0 0.0 0.0 0.0 0.0 0.0}
replayTaskStats AOI22 Cin__VDD__lh__ACQ_1 {0.06 0.01 6.38 0.77 1 7.16769194603 engnx05a.utdallas.edu 1698432601.68 1698432608.85 1 0.0360679626465 7.12850999832 0.00202512741089 0.00796294212341 0.000703096389771 7.10481309891 0.0 0.0 0.0 0.0 0.0 0.0 0.0 0.0}
replayTaskStats AOI22 modeling {0.21 0.0 0.0 0.0 1 0.230053901672 engnx05a.utdallas.edu 1698432702.13 1698432702.36 1}
