replayTaskStats xor2 configure {0.16 0.0 0.0 0.0 1 0.209367036819 engnx05a.utdallas.edu 1698435686.49 1698435686.7 1}
replayTaskStats xor2 delay__A__hl__OUT__hl__ACQ_1 {0.12 0.02 6.52 0.8 1 7.487429142 engnx05a.utdallas.edu 1698435699.95 1698435707.44 1 0.0937299728394 7.38994503021 0.00248718261719 0.00846195220947 0.000962018966675 7.25930404663 0.0 0.0 0.0 0.0 0.0 0.0 0.0 0.0}
replayTaskStats xor2 delay__A__hl__OUT__lh__ACQ_1 {0.06 0.0 6.22 0.72 1 6.942953825 engnx05a.utdallas.edu 1698435707.44 1698435714.39 1 0.0364680290222 6.90389299393 0.00250196456909 0.00699591636658 0.000668048858643 6.87717700005 0.0 0.0 0.0 0.0 0.0 0.0 0.0 0.0}
replayTaskStats xor2 delay__A__lh__OUT__hl__ACQ_1 {0.06 0.01 6.12 0.74 1 6.87816309929 engnx05a.utdallas.edu 1698435714.39 1698435721.26 1 0.0354189872742 6.83968496323 0.00397992134094 0.00675392150879 0.000674962997437 6.81035685539 0.0 0.0 0.0 0.0 0.0 0.0 0.0 0.0}
replayTaskStats xor2 delay__A__lh__OUT__lh__ACQ_1 {0.06 0.01 6.49 0.73 1 7.24949407578 engnx05a.utdallas.edu 1698435721.27 1698435728.52 1 0.0481522083282 7.19867801666 0.00198602676392 0.00773096084595 0.000705003738403 7.16891098022 0.0 0.0 0.0 0.0 0.0 0.0 0.0 0.0}
replayTaskStats xor2 delay__B__hl__OUT__hl__ACQ_1 {0.07 0.01 6.6 0.77 1 7.42150998116 engnx05a.utdallas.edu 1698435728.52 1698435735.94 1 0.0543718338013 7.36441993713 0.002690076828 0.00749611854553 0.000736951828003 7.33489084244 0.0 0.0 0.0 0.0 0.0 0.0 0.0 0.0}
replayTaskStats xor2 delay__B__hl__OUT__lh__ACQ_1 {0.06 0.01 6.34 0.73 1 7.08798193932 engnx05a.utdallas.edu 1698435735.94 1698435743.03 1 0.0379910469055 7.04719090462 0.00215196609497 0.00968599319458 0.000899076461792 7.01561689377 0.0 0.0 0.0 0.0 0.0 0.0 0.0 0.0}
replayTaskStats xor2 delay__B__lh__OUT__hl__ACQ_1 {0.07 0.01 6.27 0.72 1 7.01493215561 engnx05a.utdallas.edu 1698435743.03 1698435750.04 1 0.0462050437927 6.9657189846 0.00186800956726 0.00793695449829 0.000718832015991 6.93648314476 0.0 0.0 0.0 0.0 0.0 0.0 0.0 0.0}
replayTaskStats xor2 delay__B__lh__OUT__lh__ACQ_1 {0.06 0.0 6.5 0.76 1 7.28391098976 engnx05a.utdallas.edu 1698435750.04 1698435757.33 1 0.040088891983 7.24115991592 0.00190687179565 0.00683188438416 0.00068187713623 7.21456193924 0.0 0.0 0.0 0.0 0.0 0.0 0.0 0.0}
replayTaskStats xor2 leakage_power__ACQ_1 {0.04 0.01 6.21 0.74 1 7.00516200066 engnx05a.utdallas.edu 1698435757.33 1698435764.33 1 0.0262088775635 6.97568297386 0.00220203399658 0.00580501556396 0.00238990783691 6.95303487778 0.0 0.0 0.0 0.0 0.0 0.0 0.0 0.0}
replayTaskStats xor2 Cin__VSS__hl__ACQ_1 {0.05 0.0 6.37 0.74 1 7.12837600708 engnx05a.utdallas.edu 1698435764.33 1698435771.46 1 0.0331249237061 7.09253811836 0.0022029876709 0.00527286529541 0.000694036483765 7.071393013 0.0 0.0 0.0 0.0 0.0 0.0 0.0 0.0}
replayTaskStats xor2 Cin__VSS__lh__ACQ_1 {0.04 0.01 6.16 0.76 1 6.91891503334 engnx05a.utdallas.edu 1698435771.46 1698435778.38 1 0.0310869216919 6.88532114029 0.0024139881134 0.00572109222412 0.00070595741272 6.86359500885 0.0 0.0 0.0 0.0 0.0 0.0 0.0 0.0}
replayTaskStats xor2 Cin__VDD__hl__ACQ_1 {0.04 0.0 6.29 0.76 1 7.05142998695 engnx05a.utdallas.edu 1698435778.38 1698435785.43 1 0.0295979976654 7.01937294006 0.00184893608093 0.00530910491943 0.000663042068481 6.99974107742 0.0 0.0 0.0 0.0 0.0 0.0 0.0 0.0}
replayTaskStats xor2 Cin__VDD__lh__ACQ_1 {0.04 0.01 6.28 0.79 1 7.07220602036 engnx05a.utdallas.edu 1698435785.44 1698435792.51 1 0.0280930995941 7.04161596298 0.00198006629944 0.00662398338318 0.000655174255371 7.02102398872 0.0 0.0 0.0 0.0 0.0 0.0 0.0 0.0}
replayTaskStats xor2 modeling {0.19 0.0 0.0 0.0 1 0.210544109344 engnx05a.utdallas.edu 1698435911.8 1698435912.01 1}
