replayTaskStats nor2 configure {0.1 0.0 0.0 0.0 1 0.127940177917 engnx05a.utdallas.edu 1698433387.28 1698433387.41 1}
replayTaskStats nor2 delay__B__lh__OUT__hl__ACQ_1 {0.09 0.0 6.33 0.76 1 7.27357602119 engnx05a.utdallas.edu 1698433392.13 1698433399.4 1 0.0794169902802 7.19142317772 0.00201296806335 0.00822401046753 0.000935077667236 7.16183590889 0.0 0.0 0.0 0.0 0.0 0.0 0.0 0.0}
replayTaskStats nor2 delay__B__hl__OUT__lh__ACQ_1 {0.06 0.01 6.33 0.76 1 7.10995388031 engnx05a.utdallas.edu 1698433399.41 1698433406.52 1 0.0369498729706 7.07013297081 0.00227904319763 0.0125751495361 0.000821113586426 7.03362607956 0.0 0.0 0.0 0.0 0.0 0.0 0.0 0.0}
replayTaskStats nor2 delay__A__lh__OUT__hl__ACQ_1 {0.07 0.01 6.33 0.74 1 7.09553384781 engnx05a.utdallas.edu 1698433406.52 1698433413.61 1 0.0404121875763 7.05115199089 0.003093957901 0.00860500335693 0.000916957855225 7.01732802391 0.0 0.0 0.0 0.0 0.0 0.0 0.0 0.0}
replayTaskStats nor2 delay__A__hl__OUT__lh__ACQ_1 {0.06 0.01 6.25 0.76 1 7.02895617485 engnx05a.utdallas.edu 1698433413.61 1698433420.64 1 0.0410759449005 6.9851770401 0.00182795524597 0.00747680664062 0.000669956207275 6.95810604095 0.0 0.0 0.0 0.0 0.0 0.0 0.0 0.0}
replayTaskStats nor2 leakage_power__ACQ_1 {0.03 0.01 6.2 0.74 1 6.93841099739 engnx05a.utdallas.edu 1698433420.64 1698433427.58 1 0.0258321762085 6.90980696678 0.00239992141724 0.00535702705383 0.00176310539246 6.88913297653 0.0 0.0 0.0 0.0 0.0 0.0 0.0 0.0}
replayTaskStats nor2 Cin__VSS__lh__ACQ_1 {0.04 0.01 6.15 0.76 1 6.91289782524 engnx05a.utdallas.edu 1698433427.58 1698433434.49 1 0.0327689647675 6.87765979767 0.0024139881134 0.00624012947083 0.000689029693604 6.85589385033 0.0 0.0 0.0 0.0 0.0 0.0 0.0 0.0}
replayTaskStats nor2 Cin__VSS__hl__ACQ_1 {0.04 0.01 6.27 0.74 1 7.0073390007 engnx05a.utdallas.edu 1698433434.49 1698433441.5 1 0.0274879932404 6.97723889351 0.00195693969727 0.00854587554932 0.000705003738403 6.95440506935 0.0 0.0 0.0 0.0 0.0 0.0 0.0 0.0}
replayTaskStats nor2 Cin__VDD__lh__ACQ_1 {0.04 0.0 6.06 0.7 1 6.76054286957 engnx05a.utdallas.edu 1698433441.5 1698433448.26 1 0.0302841663361 6.7276160717 0.00255179405212 0.00481486320496 0.000635147094727 6.70667695999 0.0 0.0 0.0 0.0 0.0 0.0 0.0 0.0}
replayTaskStats nor2 Cin__VDD__hl__ACQ_1 {0.05 0.01 6.13 0.75 1 6.93969297409 engnx05a.utdallas.edu 1698433448.26 1698433455.2 1 0.0283160209656 6.90882205963 0.00195598602295 0.008633852005 0.000638961791992 6.88577604294 0.0 0.0 0.0 0.0 0.0 0.0 0.0 0.0}
replayTaskStats nor2 configure {0.1 0.0 0.0 0.0 1 0.157826185226 engnx05a.utdallas.edu 1698433654.06 1698433654.22 1}
replayTaskStats nor2 delay__B__lh__OUT__hl__ACQ_1 {0.09 0.01 6.33 0.72 1 7.12605500221 engnx05a.utdallas.edu 1698433709.93 1698433717.06 1 0.070955991745 7.05258488655 0.00200486183167 0.0089328289032 0.000644207000732 7.02365589142 0.0 0.0 0.0 0.0 0.0 0.0 0.0 0.0}
replayTaskStats nor2 delay__B__hl__OUT__lh__ACQ_1 {0.05 0.01 6.36 0.72 1 7.09999895096 engnx05a.utdallas.edu 1698433717.06 1698433724.16 1 0.0359880924225 7.06115794182 0.00188183784485 0.0087628364563 0.000764846801758 7.03269195557 0.0 0.0 0.0 0.0 0.0 0.0 0.0 0.0}
replayTaskStats nor2 delay__A__lh__OUT__hl__ACQ_1 {0.06 0.0 6.19 0.76 1 6.96169686317 engnx05a.utdallas.edu 1698433724.16 1698433731.12 1 0.037143945694 6.92205810547 0.00189113616943 0.00900506973267 0.000653028488159 6.89420104027 0.0 0.0 0.0 0.0 0.0 0.0 0.0 0.0}
replayTaskStats nor2 delay__A__hl__OUT__lh__ACQ_1 {0.05 0.01 6.2 0.7 1 6.91109204292 engnx05a.utdallas.edu 1698433731.12 1698433738.03 1 0.0361108779907 6.87243485451 0.00190091133118 0.00823211669922 0.00064492225647 6.84501385689 0.0 0.0 0.0 0.0 0.0 0.0 0.0 0.0}
replayTaskStats nor2 leakage_power__ACQ_1 {0.05 0.01 6.11 0.73 1 6.84351682663 engnx05a.utdallas.edu 1698433738.03 1698433744.88 1 0.0278720855713 6.81319308281 0.00194883346558 0.00873398780823 0.00168204307556 6.78882002831 0.0 0.0 0.0 0.0 0.0 0.0 0.0 0.0}
replayTaskStats nor2 Cin__VSS__lh__ACQ_1 {0.04 0.01 6.21 0.72 1 6.94854402542 engnx05a.utdallas.edu 1698433744.88 1698433751.83 1 0.0329439640045 6.91307997704 0.00200700759888 0.010843038559 0.000669002532959 6.8878159523 0.0 0.0 0.0 0.0 0.0 0.0 0.0 0.0}
replayTaskStats nor2 Cin__VSS__hl__ACQ_1 {0.05 0.0 6.23 0.73 1 6.97303009033 engnx05a.utdallas.edu 1698433751.83 1698433758.8 1 0.0285949707031 6.9414999485 0.00196194648743 0.0171709060669 0.000648975372314 6.91001987457 0.0 0.0 0.0 0.0 0.0 0.0 0.0 0.0}
replayTaskStats nor2 Cin__VDD__lh__ACQ_1 {0.04 0.01 6.15 0.71 1 6.87252998352 engnx05a.utdallas.edu 1698433758.8 1698433765.67 1 0.0284512042999 6.84157395363 0.0018949508667 0.0078980922699 0.000640869140625 6.82004189491 0.0 0.0 0.0 0.0 0.0 0.0 0.0 0.0}
replayTaskStats nor2 Cin__VDD__hl__ACQ_1 {0.05 0.0 6.38 0.73 1 7.11439299583 engnx05a.utdallas.edu 1698433765.67 1698433772.79 1 0.0286009311676 7.08322310448 0.0021870136261 0.00618600845337 0.000648975372314 7.06325793266 0.0 0.0 0.0 0.0 0.0 0.0 0.0 0.0}
replayTaskStats nor2 modeling {0.14 0.0 0.0 0.0 1 0.15399813652 engnx05a.utdallas.edu 1698433792.73 1698433792.89 1}
