replayTaskStats OAI21 configure {0.15 0.01 0.0 0.0 1 0.180804014206 engnx05a.utdallas.edu 1698433033.54 1698433033.72 1}
replayTaskStats OAI21 delay__B__lh__OUT__hl__ACQ_1 {0.1 0.01 6.27 0.74 1 7.19604587555 engnx05a.utdallas.edu 1698433039.29 1698433046.49 1 0.0850148200989 7.10787796974 0.00265097618103 0.0103290081024 0.000719785690308 7.0735669136 0.0 0.0 0.0 0.0 0.0 0.0 0.0 0.0}
replayTaskStats OAI21 delay__B__hl__OUT__lh__ACQ_1 {0.07 0.01 6.24 0.77 1 7.02875089645 engnx05a.utdallas.edu 1698433046.49 1698433053.52 1 0.0414230823517 6.98379898071 0.00209212303162 0.0149509906769 0.00072193145752 6.94757890701 0.0 0.0 0.0 0.0 0.0 0.0 0.0 0.0}
replayTaskStats OAI21 delay__C__lh__OUT__hl__ACQ_1 {0.06 0.0 6.43 0.76 1 7.21811485291 engnx05a.utdallas.edu 1698433053.52 1698433060.73 1 0.0433118343353 7.17196798325 0.00217485427856 0.00786399841309 0.000833034515381 7.13999390602 0.0 0.0 0.0 0.0 0.0 0.0 0.0 0.0}
replayTaskStats OAI21 delay__C__hl__OUT__lh__ACQ_1 {0.06 0.01 6.23 0.71 1 6.95686388016 engnx05a.utdallas.edu 1698433060.74 1698433067.69 1 0.0417399406433 6.91247200966 0.00186395645142 0.00726580619812 0.000742197036743 6.8850851059 0.0 0.0 0.0 0.0 0.0 0.0 0.0 0.0}
replayTaskStats OAI21 delay__A__lh__OUT__hl__ACQ_1 {0.07 0.01 6.38 0.75 1 7.16715502739 engnx05a.utdallas.edu 1698433067.69 1698433074.86 1 0.045291185379 7.1192381382 0.00308179855347 0.00734519958496 0.00070595741272 7.08921694756 0.0 0.0 0.0 0.0 0.0 0.0 0.0 0.0}
replayTaskStats OAI21 leakage_power__ACQ_1 {0.04 0.01 6.03 0.76 1 6.79130411148 engnx05a.utdallas.edu 1698433081.9 1698433088.69 1 0.0295979976654 6.75925803185 0.0019998550415 0.00537300109863 0.00168704986572 6.73889303207 0.0 0.0 0.0 0.0 0.0 0.0 0.0 0.0}
replayTaskStats OAI21 delay__A__hl__OUT__lh__ACQ_1 {0.05 0.01 6.28 0.74 1 7.03883504868 engnx05a.utdallas.edu 1698433074.86 1698433081.9 1 0.0384449958801 6.99774098396 0.00207686424255 0.00843811035156 0.000692129135132 6.96971797943 0.0 0.0 0.0 0.0 0.0 0.0 0.0 0.0}
replayTaskStats OAI21 Cin__VSS__lh__ACQ_1 {0.05 0.01 6.19 0.73 1 6.94347906113 engnx05a.utdallas.edu 1698433088.69 1698433095.64 1 0.0342841148376 6.90649104118 0.00202107429504 0.00555396080017 0.000673055648804 6.88656592369 0.0 0.0 0.0 0.0 0.0 0.0 0.0 0.0}
replayTaskStats OAI21 Cin__VSS__hl__ACQ_1 {0.12 0.01 6.15 0.71 1 6.99883508682 engnx05a.utdallas.edu 1698433095.64 1698433102.64 1 0.118928909302 6.87740087509 0.00192093849182 0.00511288642883 0.000693798065186 6.85654711723 0.0 0.0 0.0 0.0 0.0 0.0 0.0 0.0}
replayTaskStats OAI21 Cin__VDD__lh__ACQ_1 {0.05 0.0 6.31 0.76 1 7.09455299377 engnx05a.utdallas.edu 1698433102.64 1698433109.73 1 0.0340330600739 7.05801892281 0.00198984146118 0.00628519058228 0.000689029693604 7.03587198257 0.0 0.0 0.0 0.0 0.0 0.0 0.0 0.0}
replayTaskStats OAI21 Cin__VDD__hl__ACQ_1 {0.04 0.01 6.22 0.72 1 6.96524500847 engnx05a.utdallas.edu 1698433109.73 1698433116.7 1 0.0315930843353 6.93108391762 0.00202012062073 0.0108938217163 0.000683784484863 6.90593194962 0.0 0.0 0.0 0.0 0.0 0.0 0.0 0.0}
replayTaskStats OAI21 configure {0.13 0.0 0.0 0.0 1 0.17561006546 engnx05a.utdallas.edu 1698433540.16 1698433540.33 1}
replayTaskStats OAI21 delay__B__lh__OUT__hl__ACQ_1 {0.1 0.0 6.35 0.74 1 7.25367689133 engnx05a.utdallas.edu 1698433543.13 1698433550.39 1 0.0766830444336 7.17432713509 0.00199007987976 0.00891017913818 0.000632047653198 7.1461789608 0.0 0.0 0.0 0.0 0.0 0.0 0.0 0.0}
replayTaskStats OAI21 delay__B__hl__OUT__lh__ACQ_1 {0.07 0.01 6.25 0.71 1 6.99869298935 engnx05a.utdallas.edu 1698433550.39 1698433557.39 1 0.0466060638428 6.94943714142 0.00316715240479 0.0180928707123 0.000657796859741 6.90796804428 0.0 0.0 0.0 0.0 0.0 0.0 0.0 0.0}
replayTaskStats OAI21 delay__C__lh__OUT__hl__ACQ_1 {0.07 0.01 6.28 0.72 1 7.03385210037 engnx05a.utdallas.edu 1698433557.39 1698433564.42 1 0.0453510284424 6.98549795151 0.00195384025574 0.0109560489655 0.000895977020264 6.95265102386 0.0 0.0 0.0 0.0 0.0 0.0 0.0 0.0}
replayTaskStats OAI21 delay__C__hl__OUT__lh__ACQ_1 {0.07 0.0 6.32 0.73 1 7.07368206978 engnx05a.utdallas.edu 1698433564.42 1698433571.5 1 0.0441119670868 7.02696704865 0.00207996368408 0.00856709480286 0.000761985778809 6.99716186523 0.0 0.0 0.0 0.0 0.0 0.0 0.0 0.0}
replayTaskStats OAI21 delay__A__lh__OUT__hl__ACQ_1 {0.07 0.01 6.34 0.76 1 7.13344097137 engnx05a.utdallas.edu 1698433571.5 1698433578.63 1 0.0477659702301 7.08305883408 0.00205421447754 0.010039806366 0.000672101974487 7.05300998688 0.0 0.0 0.0 0.0 0.0 0.0 0.0 0.0}
replayTaskStats OAI21 leakage_power__ACQ_1 {0.04 0.0 6.13 0.78 1 6.92186713219 engnx05a.utdallas.edu 1698433585.82 1698433592.74 1 0.0304219722748 6.88886213303 0.00207018852234 0.00674510002136 0.00186395645142 6.86538982391 0.0 0.0 0.0 0.0 0.0 0.0 0.0 0.0}
replayTaskStats OAI21 delay__A__hl__OUT__lh__ACQ_1 {0.06 0.01 6.39 0.77 1 7.1863360405 engnx05a.utdallas.edu 1698433578.63 1698433585.82 1 0.0402691364288 7.14354801178 0.00191187858582 0.00853395462036 0.000980138778687 7.1151638031 0.0 0.0 0.0 0.0 0.0 0.0 0.0 0.0}
replayTaskStats OAI21 Cin__VSS__lh__ACQ_1 {0.05 0.01 6.19 0.74 1 6.93755888939 engnx05a.utdallas.edu 1698433592.74 1698433599.68 1 0.0366270542145 6.89835190773 0.00265693664551 0.00696110725403 0.000642061233521 6.87581396103 0.0 0.0 0.0 0.0 0.0 0.0 0.0 0.0}
replayTaskStats OAI21 Cin__VSS__hl__ACQ_1 {0.05 0.0 6.04 0.73 1 6.84300303459 engnx05a.utdallas.edu 1698433599.68 1698433606.52 1 0.0310080051422 6.80915093422 0.00194191932678 0.00745582580566 0.000655889511108 6.78748393059 0.0 0.0 0.0 0.0 0.0 0.0 0.0 0.0}
replayTaskStats OAI21 Cin__VDD__lh__ACQ_1 {0.11 0.02 6.23 0.74 1 7.06041097641 engnx05a.utdallas.edu 1698433606.52 1698433613.58 1 0.117806196213 6.94011712074 0.00213885307312 0.00768113136292 0.000697135925293 6.91608500481 0.0 0.0 0.0 0.0 0.0 0.0 0.0 0.0}
replayTaskStats OAI21 Cin__VDD__hl__ACQ_1 {0.05 0.01 6.17 0.71 1 6.88910412788 engnx05a.utdallas.edu 1698433613.58 1698433620.47 1 0.0308048725128 6.85575699806 0.00201487541199 0.0115439891815 0.000663042068481 6.83014702797 0.0 0.0 0.0 0.0 0.0 0.0 0.0 0.0}
replayTaskStats OAI21 modeling {0.16 0.01 0.0 0.0 1 0.191435098648 engnx05a.utdallas.edu 1698433635.72 1698433635.91 1}
