replayTaskStats nand3 configure {0.14 0.01 0.0 0.0 1 0.181308984756 engnx05a.utdallas.edu 1698436981.43 1698436981.61 1}
replayTaskStats nand3 delay__B__lh__OUT__hl__ACQ_1 {0.13 0.01 6.45 0.75 1 7.39005994797 engnx05a.utdallas.edu 1698436987.74 1698436995.13 1 0.0973901748657 7.2892370224 0.00266909599304 0.00885105133057 0.000965118408203 7.15118408203 0.0 0.0 0.0 0.0 0.0 0.0 0.0 0.0}
replayTaskStats nand3 delay__B__hl__OUT__lh__ACQ_1 {0.06 0.01 6.29 0.75 1 7.06268596649 engnx05a.utdallas.edu 1698436995.14 1698437002.2 1 0.0416288375854 7.01836800575 0.00212001800537 0.00691199302673 0.000699996948242 6.99009108543 0.0 0.0 0.0 0.0 0.0 0.0 0.0 0.0}
replayTaskStats nand3 delay__C__lh__OUT__hl__ACQ_1 {0.06 0.01 6.33 0.77 1 7.11773204803 engnx05a.utdallas.edu 1698437002.2 1698437009.32 1 0.0379371643066 7.07723402977 0.0022439956665 0.00722408294678 0.000692129135132 7.05048489571 0.0 0.0 0.0 0.0 0.0 0.0 0.0 0.0}
replayTaskStats nand3 delay__C__hl__OUT__lh__ACQ_1 {0.07 0.02 6.4 0.76 1 7.19211816788 engnx05a.utdallas.edu 1698437009.32 1698437016.51 1 0.0664319992065 7.12297487259 0.00249290466309 0.00708222389221 0.000749111175537 7.09434700012 0.0 0.0 0.0 0.0 0.0 0.0 0.0 0.0}
replayTaskStats nand3 delay__A__lh__OUT__hl__ACQ_1 {0.06 0.01 6.34 0.75 1 7.118942976 engnx05a.utdallas.edu 1698437016.51 1698437023.63 1 0.0389831066132 7.07730102539 0.00242710113525 0.0103468894958 0.000757932662964 7.04662704468 0.0 0.0 0.0 0.0 0.0 0.0 0.0 0.0}
replayTaskStats nand3 delay__A__hl__OUT__lh__ACQ_1 {0.06 0.01 6.38 0.74 1 7.13760590553 engnx05a.utdallas.edu 1698437023.63 1698437030.77 1 0.0410859584808 7.09356784821 0.00194692611694 0.00751399993896 0.000711917877197 7.06575202942 0.0 0.0 0.0 0.0 0.0 0.0 0.0 0.0}
replayTaskStats nand3 leakage_power__ACQ_1 {0.04 0.0 6.29 0.74 1 7.0315451622 engnx05a.utdallas.edu 1698437030.77 1698437037.8 1 0.0298109054565 6.99863100052 0.00203013420105 0.00625991821289 0.0023980140686 6.9756231308 0.0 0.0 0.0 0.0 0.0 0.0 0.0 0.0}
replayTaskStats nand3 Cin__VSS__lh__ACQ_1 {0.06 0.01 6.34 0.77 1 7.11973595619 engnx05a.utdallas.edu 1698437037.8 1698437044.92 1 0.0366051197052 7.08052706718 0.00213384628296 0.00555515289307 0.00066089630127 7.05925107002 0.0 0.0 0.0 0.0 0.0 0.0 0.0 0.0}
replayTaskStats nand3 Cin__VSS__hl__ACQ_1 {0.05 0.0 6.27 0.73 1 7.02621507645 engnx05a.utdallas.edu 1698437044.92 1698437051.95 1 0.033910036087 6.98962712288 0.00209903717041 0.00540494918823 0.000654935836792 6.96873688698 0.0 0.0 0.0 0.0 0.0 0.0 0.0 0.0}
replayTaskStats nand3 Cin__VDD__lh__ACQ_1 {0.05 0.01 6.22 0.75 1 6.97744011879 engnx05a.utdallas.edu 1698437051.95 1698437058.93 1 0.0353519916534 6.93949818611 0.00268793106079 0.00545716285706 0.000693082809448 6.91562199593 0.0 0.0 0.0 0.0 0.0 0.0 0.0 0.0}
replayTaskStats nand3 Cin__VDD__hl__ACQ_1 {0.05 0.01 6.12 0.76 1 6.88889098167 engnx05a.utdallas.edu 1698437058.93 1698437065.81 1 0.0364730358124 6.84975910187 0.00186395645142 0.00576901435852 0.000647068023682 6.82891607285 0.0 0.0 0.0 0.0 0.0 0.0 0.0 0.0}
replayTaskStats nand3 modeling {0.17 0.0 0.0 0.0 1 0.192987918854 engnx05a.utdallas.edu 1698437088.99 1698437089.18 1}
